path =  [0.1000 0.0000 -0.9960 -0.9960 -1.0000 0.0000 0.0000 0.0000 0.0000 ;

0.2000 0.0002 -0.9961 -0.9959 -1.0000 -0.0030 0.0030 0.0000 0.0000 ;

0.3000 0.0008 -0.9965 -0.9955 -1.0000 -0.0060 0.0060 0.0000 0.0000 ;

0.4000 0.0018 -0.9973 -0.9947 -1.0000 -0.0089 0.0090 0.0000 0.0000 ;

0.5000 0.0032 -0.9983 -0.9937 -1.0000 -0.0119 0.0120 0.0000 0.0000 ;

0.6000 0.0051 -0.9996 -0.9924 -1.0000 -0.0148 0.0150 0.0000 0.0000 ;

0.7000 0.0074 -1.0012 -0.9908 -1.0000 -0.0177 0.0181 0.0000 0.0000 ;

0.8000 0.0101 -1.0031 -0.9888 -1.0000 -0.0206 0.0211 0.0000 0.0000 ;

0.9000 0.0101 -1.0031 -0.9888 -1.0000 -0.0206 0.0211 0.0000 0.0000 ;

1.0000 0.0132 -1.0053 -0.9866 -1.0000 -0.0235 0.0242 0.0000 0.0000 ;

1.1000 0.0168 -1.0077 -0.9840 -1.0000 -0.0263 0.0274 0.0000 0.0000 ;

1.2000 0.0207 -1.0105 -0.9812 -1.0000 -0.0291 0.0306 0.0000 0.0000 ;

1.3000 0.0251 -1.0135 -0.9780 -1.0000 -0.0318 0.0338 0.0000 0.0000 ;

1.4000 0.0300 -1.0168 -0.9744 -1.0000 -0.0345 0.0371 0.0000 0.0000 ;

1.5000 0.0352 -1.0204 -0.9706 -1.0000 -0.0371 0.0404 0.0000 0.0000 ;

1.6000 0.0409 -1.0242 -0.9664 -1.0000 -0.0397 0.0437 0.0000 0.0000 ;

1.7000 0.0409 -1.0242 -0.9664 -1.0000 -0.0397 0.0437 0.0000 0.0000 ;

1.8000 0.0469 -1.0283 -0.9619 -1.0000 -0.0422 0.0472 0.0000 0.0000 ;

1.9000 0.0534 -1.0326 -0.9570 -1.0000 -0.0446 0.0507 0.0000 0.0000 ;

2.0000 0.0604 -1.0371 -0.9518 -1.0000 -0.0470 0.0542 0.0000 0.0000 ;

2.1000 0.0677 -1.0419 -0.9462 -1.0000 -0.0492 0.0578 0.0000 0.0000 ;

2.2000 0.0755 -1.0469 -0.9403 -1.0000 -0.0514 0.0615 0.0000 0.0000 ;

2.3000 0.0837 -1.0521 -0.9340 -1.0000 -0.0535 0.0653 0.0000 0.0000 ;

2.4000 0.0923 -1.0576 -0.9273 -1.0000 -0.0554 0.0691 0.0000 0.0000 ;

2.5000 0.0923 -1.0576 -0.9273 -1.0000 -0.0554 0.0691 0.0000 0.0000 ;

2.6000 0.1013 -1.0632 -0.9202 -1.0000 -0.0573 0.0730 0.0000 0.0000 ;

2.7000 0.1108 -1.0690 -0.9127 -1.0000 -0.0590 0.0770 0.0000 0.0000 ;

2.8000 0.1207 -1.0750 -0.9049 -1.0000 -0.0607 0.0811 0.0000 0.0000 ;

2.9000 0.1310 -1.0811 -0.8966 -1.0000 -0.0622 0.0852 0.0000 0.0000 ;

3.0000 0.1417 -1.0873 -0.8879 -1.0000 -0.0635 0.0894 0.0000 0.0000 ;

3.1000 0.1529 -1.0937 -0.8787 -1.0000 -0.0647 0.0938 0.0000 0.0000 ;

3.2000 0.1644 -1.1002 -0.8692 -1.0000 -0.0658 0.0981 0.0000 0.0000 ;

3.3000 0.1644 -1.1002 -0.8692 -1.0000 -0.0658 0.0981 0.0000 0.0000 ;

3.4000 0.1762 -1.1066 -0.8593 -1.0000 -0.0617 0.1008 0.0000 0.0000 ;

3.5000 0.1881 -1.1126 -0.8491 -1.0000 -0.0576 0.1033 0.0000 0.0000 ;

3.6000 0.1999 -1.1182 -0.8386 -1.0000 -0.0534 0.1056 0.0000 0.0000 ;

3.7000 0.2117 -1.1233 -0.8280 -1.0000 -0.0490 0.1079 0.0000 0.0000 ;

3.8000 0.2236 -1.1280 -0.8171 -1.0000 -0.0445 0.1101 0.0000 0.0000 ;

3.9000 0.2355 -1.1323 -0.8060 -1.0000 -0.0398 0.1121 0.0000 0.0000 ;

4.0000 0.2474 -1.1361 -0.7947 -1.0000 -0.0350 0.1141 0.0000 0.0000 ;

4.1000 0.2474 -1.1361 -0.7947 -1.0000 -0.0350 0.1141 0.0000 0.0000 ;

4.2000 0.2591 -1.1394 -0.7834 -1.0000 -0.0311 0.1107 0.0000 0.0000 ;

4.3000 0.2704 -1.1423 -0.7725 -1.0000 -0.0274 0.1072 0.0000 0.0000 ;

4.4000 0.2813 -1.1449 -0.7619 -1.0000 -0.0238 0.1037 0.0000 0.0000 ;

4.5000 0.2918 -1.1471 -0.7517 -1.0000 -0.0203 0.1001 0.0000 0.0000 ;

4.6000 0.3018 -1.1490 -0.7418 -1.0000 -0.0170 0.0965 0.0000 0.0000 ;

4.7000 0.3114 -1.1505 -0.7323 -1.0000 -0.0138 0.0928 0.0000 0.0000 ;

4.8000 0.3206 -1.1518 -0.7232 -1.0000 -0.0108 0.0890 0.0000 0.0000 ;

4.9000 0.3206 -1.1518 -0.7232 -1.0000 -0.0108 0.0890 0.0000 0.0000 ;

5.0000 0.3294 -1.1527 -0.7145 -1.0000 -0.0079 0.0852 0.0000 0.0000 ;

5.1000 0.3378 -1.1534 -0.7061 -1.0000 -0.0051 0.0814 0.0000 0.0000 ;

5.2000 0.3458 -1.1538 -0.6981 -1.0000 -0.0024 0.0776 0.0000 0.0000 ;

5.3000 0.3534 -1.1539 -0.6905 -1.0000 0.0002 0.0738 0.0000 0.0000 ;

5.4000 0.3606 -1.1538 -0.6833 -1.0000 0.0027 0.0699 0.0000 0.0000 ;

5.5000 0.3675 -1.1534 -0.6765 -1.0000 0.0050 0.0661 0.0000 0.0000 ;

5.6000 0.3739 -1.1528 -0.6700 -1.0000 0.0073 0.0622 0.0000 0.0000 ;

5.7000 0.3739 -1.1528 -0.6700 -1.0000 0.0073 0.0622 0.0000 0.0000 ;

5.8000 0.3801 -1.1522 -0.6639 -1.0000 0.0044 0.0608 0.0000 0.0000 ;

5.9000 0.3861 -1.1519 -0.6579 -1.0000 0.0013 0.0593 0.0000 0.0000 ;

6.0000 0.3920 -1.1519 -0.6520 -1.0000 -0.0020 0.0580 0.0000 0.0000 ;

6.1000 0.3978 -1.1522 -0.6463 -1.0000 -0.0054 0.0566 0.0000 0.0000 ;

6.2000 0.4034 -1.1529 -0.6407 -1.0000 -0.0089 0.0553 0.0000 0.0000 ;

6.3000 0.4090 -1.1539 -0.6352 -1.0000 -0.0125 0.0541 0.0000 0.0000 ;

6.4000 0.4145 -1.1553 -0.6298 -1.0000 -0.0161 0.0529 0.0000 0.0000 ;

6.5000 0.4343 -1.1635 -0.6118 -0.9999 0.0223 -0.0802 0.0000 0.0000 ;

6.6000 0.4429 -1.1658 -0.6035 -0.9999 0.0225 -0.0843 0.0000 0.0000 ;

6.7000 0.4518 -1.1680 -0.5949 -0.9999 0.0225 -0.0884 0.0000 0.0000 ;

6.8000 0.4612 -1.1703 -0.5858 -0.9999 0.0224 -0.0925 0.0000 0.0000 ;

6.9000 0.4709 -1.1725 -0.5763 -0.9999 0.0221 -0.0967 0.0000 0.0000 ;

7.0000 0.4811 -1.1747 -0.5664 -0.9999 0.0217 -0.1008 0.0000 0.0000 ;

7.1000 0.4916 -1.1769 -0.5561 -0.9999 0.0212 -0.1050 0.0000 0.0000 ;

7.2000 0.5026 -1.1790 -0.5453 -0.9999 0.0205 -0.1092 0.0000 0.0000 ;

7.3000 0.5026 -1.1790 -0.5453 -0.9999 0.0205 -0.1092 0.0000 0.0000 ;

7.4000 0.5135 -1.1809 -0.5346 -0.9999 0.0183 -0.1055 0.0000 0.0000 ;

7.5000 0.5239 -1.1826 -0.5243 -0.9999 0.0163 -0.1018 0.0000 0.0000 ;

7.6000 0.5340 -1.1841 -0.5143 -0.9999 0.0144 -0.0981 0.0000 0.0000 ;

7.7000 0.5437 -1.1855 -0.5048 -0.9999 0.0127 -0.0943 0.0000 0.0000 ;

7.8000 0.5530 -1.1867 -0.4955 -0.9999 0.0111 -0.0906 0.0000 0.0000 ;

7.9000 0.5619 -1.1877 -0.4867 -0.9999 0.0096 -0.0867 0.0000 0.0000 ;

8.0000 0.5704 -1.1886 -0.4783 -0.9999 0.0083 -0.0829 0.0000 0.0000 ;

8.1000 0.5704 -1.1886 -0.4783 -0.9999 0.0083 -0.0829 0.0000 0.0000 ;

8.2000 0.5787 -1.1896 -0.4700 -0.9999 0.0116 -0.0826 0.0000 0.0000 ;

8.3000 0.5871 -1.1910 -0.4617 -0.9999 0.0148 -0.0825 0.0000 0.0000 ;

8.4000 0.5955 -1.1926 -0.4535 -0.9999 0.0180 -0.0825 0.0000 0.0000 ;

8.5000 0.6040 -1.1946 -0.4452 -1.0000 0.0211 -0.0826 0.0000 0.0000 ;

8.6000 0.6125 -1.1969 -0.4370 -1.0000 0.0241 -0.0828 0.0000 0.0000 ;

8.7000 0.6212 -1.1995 -0.4287 -1.0000 0.0270 -0.0831 0.0000 0.0000 ;

8.8000 0.6300 -1.2024 -0.4204 -1.0000 0.0297 -0.0836 0.0000 0.0000 ;

8.9000 0.6300 -1.2024 -0.4204 -1.0000 0.0297 -0.0836 0.0000 0.0000 ;

9.0000 0.6387 -1.2053 -0.4122 -1.0000 0.0284 -0.0802 0.0000 0.0000 ;

9.1000 0.6470 -1.2081 -0.4044 -1.0000 0.0272 -0.0767 0.0000 0.0000 ;

9.2000 0.6549 -1.2107 -0.3969 -1.0000 0.0262 -0.0731 0.0000 0.0000 ;

9.3000 0.6625 -1.2133 -0.3898 -1.0000 0.0252 -0.0695 0.0000 0.0000 ;

9.4000 0.6696 -1.2158 -0.3831 -1.0000 0.0244 -0.0658 0.0000 0.0000 ;

9.5000 0.6764 -1.2182 -0.3767 -1.0000 0.0236 -0.0621 0.0000 0.0000 ;

9.6000 0.6829 -1.2205 -0.3707 -1.0000 0.0230 -0.0584 0.0000 0.0000 ;

9.7000 0.6829 -1.2205 -0.3707 -1.0000 0.0230 -0.0584 0.0000 0.0000 ;

9.8000 0.6889 -1.2228 -0.3651 -1.0000 0.0224 -0.0545 0.0000 0.0000 ;

9.9000 0.6946 -1.2250 -0.3599 -1.0000 0.0219 -0.0507 0.0000 0.0000 ;

10.0000 0.6999 -1.2272 -0.3551 -1.0000 0.0215 -0.0468 0.0000 0.0000 ;

10.1000 0.7048 -1.2293 -0.3506 -1.0000 0.0212 -0.0429 0.0000 0.0000 ;

10.2000 0.7094 -1.2314 -0.3466 -1.0000 0.0210 -0.0389 0.0000 0.0000 ;

10.3000 0.7136 -1.2335 -0.3429 -1.0000 0.0208 -0.0349 0.0000 0.0000 ;

10.4000 0.7175 -1.2356 -0.3396 -1.0000 0.0207 -0.0309 0.0000 0.0000 ;

10.5000 0.7175 -1.2356 -0.3396 -1.0000 0.0207 -0.0309 0.0000 0.0000 ;

10.6000 0.7210 -1.2376 -0.3368 -1.0000 0.0206 -0.0268 0.0000 0.0000 ;

10.7000 0.7242 -1.2397 -0.3344 -1.0000 0.0206 -0.0227 0.0000 0.0000 ;

10.8000 0.7271 -1.2417 -0.3323 -1.0000 0.0206 -0.0186 0.0000 0.0000 ;

10.9000 0.7297 -1.2438 -0.3307 -1.0000 0.0206 -0.0144 0.0000 0.0000 ;

11.0000 0.7321 -1.2459 -0.3295 -1.0000 0.0207 -0.0102 0.0000 0.0000 ;

11.1000 0.7343 -1.2479 -0.3287 -1.0000 0.0208 -0.0060 0.0000 0.0000 ;

11.2000 0.7364 -1.2500 -0.3284 -1.0000 0.0208 -0.0017 0.0000 0.0000 ;

11.3000 0.7364 -1.2500 -0.3284 -1.0000 0.0208 -0.0017 0.0000 0.0000 ;

11.4000 0.7383 -1.2519 -0.3282 -1.0000 0.0177 -0.0015 0.0000 0.0000 ;

